2400,2,Saturday,23,23,40,Saturday,23,29,35,False,-73.89310455322266,40.75485229492188,-73.92373657226562,40.75458526611328,5,1.68,7.5
2401,2,Saturday,23,24,13,Saturday,23,28,7,False,-73.9908447265625,40.686195373535156,-73.98877716064453,40.69468688964844,1,0.59,4.5
2402,2,Saturday,23,26,2,Saturday,23,36,8,False,-73.83869934082031,40.71934509277344,-73.82835388183594,40.7004280090332,1,2.4,10.0
2403,2,Saturday,23,29,54,Saturday,23,38,1,False,-73.84418487548828,40.72120666503906,-73.85626983642578,40.69710159301758,3,2.27,9.5
2404,2,Saturday,23,30,36,Saturday,23,45,25,False,-73.93934631347656,40.80511474609375,-73.97731018066406,40.78754425048828,5,3.3,13.5
2405,2,Saturday,23,32,24,Saturday,23,43,30,False,-73.91556549072266,40.77217864990234,-73.9505386352539,40.783119201660156,1,5.08,16.0
2406,2,Saturday,23,34,2,Sunday,0,1,15,False,-73.9237060546875,40.86685180664063,-74.01192474365234,40.70330429077149,5,14.34,41.0
2407,2,Saturday,23,34,57,Saturday,23,38,50,False,-73.84394073486328,40.72135543823242,-73.8574447631836,40.72482681274414,1,0.96,5.0
2408,2,Saturday,23,37,20,Saturday,23,50,15,False,-73.99344635009766,40.68748474121094,-73.9710464477539,40.69326400756836,1,2.13,10.5
2409,2,Saturday,23,42,16,Saturday,23,59,45,False,-73.94520568847656,40.834266662597656,-73.97268676757812,40.760345458984375,1,6.9,22.0
2410,2,Saturday,23,43,33,Saturday,23,52,25,False,-73.91082763671875,40.77608871459961,-73.92501068115234,40.762474060058594,5,1.2,7.5
2411,2,Saturday,23,45,39,Saturday,23,58,52,False,-73.91710662841797,40.74320983886719,-73.9582748413086,40.74424362182617,2,2.66,12.0
2412,2,Saturday,23,46,40,Saturday,23,57,25,False,-73.9453353881836,40.79052734375,-73.96357727050781,40.80290222167969,1,1.51,8.5
2413,2,Saturday,23,49,54,Saturday,23,58,0,False,-73.84423065185547,40.72119522094727,-73.8553695678711,40.69604110717773,1,2.3,9.5
2414,2,Saturday,23,52,30,Sunday,0,1,26,False,-73.96924591064453,40.69314575195313,-73.9485092163086,40.68035888671875,1,1.86,8.5
2415,2,Saturday,23,53,48,Sunday,0,16,0,False,-73.84430694580078,40.721336364746094,-73.95813751220703,40.76924514770508,1,9.46,28.5
2416,2,Saturday,23,54,51,Sunday,0,2,37,False,-73.92533874511719,40.76205825805664,-73.90408325195312,40.75398635864258,5,1.56,8.0
2417,2,Saturday,23,55,39,Sunday,0,27,25,False,-73.95960235595703,40.71504211425781,-74.01011657714844,40.72020721435547,1,3.77,20.5
2418,2,Saturday,23,56,12,Sunday,0,13,37,False,-73.95568084716797,40.81258773803711,-73.91793823242188,40.84856033325195,5,4.69,17.0
2419,2,Saturday,23,57,21,Sunday,0,20,18,False,-73.9570541381836,40.71846771240234,-73.99353790283203,40.6917839050293,1,4.38,18.0
2420,2,Sunday,0,1,28,Sunday,0,28,18,False,-73.95970153808594,40.808502197265625,-73.9881362915039,40.72317123413086,1,8.42,27.0
2421,2,Sunday,0,4,35,Sunday,0,41,30,False,-73.9563217163086,40.74702072143555,-73.9935531616211,40.72108459472656,2,7.25,29.5
2422,2,Sunday,0,6,18,Sunday,0,24,14,False,-73.9046859741211,40.75362014770508,-73.9903335571289,40.75725555419922,5,5.31,18.5
2423,2,Sunday,0,6,45,Sunday,0,11,28,False,-73.92566680908203,40.75482177734375,-73.93892669677734,40.75250625610352,1,0.86,5.5
2424,2,Sunday,0,8,10,Sunday,0,39,22,False,-73.95204162597656,40.71540069580078,-73.78319549560547,40.76564025878906,5,15.48,44.5
2425,2,Sunday,0,9,10,Sunday,0,24,12,False,-73.84420013427734,40.721351623535156,-73.91350555419922,40.76579666137695,1,7.45,22.5
2426,2,Sunday,0,9,27,Sunday,0,25,49,False,-73.95006561279297,40.72246551513672,-74.0009536743164,40.68837356567383,6,4.11,15.0
2427,2,Sunday,0,9,30,Sunday,0,21,54,False,-73.9191665649414,40.75875854492188,-73.88520050048828,40.7474479675293,1,2.06,10.5
2428,2,Sunday,0,12,34,Sunday,0,22,38,False,-73.9764404296875,40.68717575073242,-73.94933319091797,40.71391296386719,1,3.51,12.5
2429,2,Sunday,0,19,25,Sunday,0,42,59,False,-73.93238830566406,40.75313186645508,-73.98680114746094,40.76015090942383,1,4.23,18.5
2430,2,Sunday,0,23,24,Sunday,0,37,5,False,-73.9383773803711,40.74949645996094,-73.90267944335938,40.71860885620117,1,3.74,14.0
2431,2,Sunday,0,24,40,Sunday,0,34,25,False,-73.99179077148438,40.69057846069336,-73.98238372802734,40.67394638061523,1,1.75,9.0
2432,2,Sunday,0,25,56,Sunday,0,32,17,False,-73.95171356201172,40.714988708496094,-73.9507827758789,40.72370147705078,1,0.88,6.0
2433,2,Sunday,0,30,9,Sunday,1,5,7,False,-73.99878692626953,40.69169616699219,-73.97248840332031,40.78605651855469,6,7.99,29.5
2434,2,Sunday,0,33,42,Sunday,0,45,36,False,-73.95059967041016,40.72340774536133,-73.94623565673828,40.6942253112793,1,2.57,11.0
2435,2,Sunday,0,39,20,Sunday,0,44,39,False,-73.98272705078125,40.67345428466797,-73.97383880615234,40.67678451538086,1,0.91,6.0
2436,2,Sunday,0,39,20,Sunday,0,57,51,False,-73.98272705078125,40.67345428466797,-73.9676284790039,40.63809585571289,1,3.44,12.5
2437,2,Sunday,0,41,14,Sunday,1,0,8,False,-73.84419250488281,40.72132873535156,-73.933349609375,40.66871643066406,1,7.44,23.5
2438,2,Sunday,0,41,45,Sunday,0,55,1,False,-73.92388916015625,40.75292205810547,-73.95899200439453,40.72977828979492,1,3.72,13.5
2439,2,Sunday,0,49,55,Sunday,1,14,54,False,-73.9610824584961,40.71673583984375,-73.9591064453125,40.76422882080078,1,6.56,24.0
2440,2,Sunday,0,53,8,Sunday,0,55,24,False,-73.7719497680664,40.759761810302734,-73.77230072021484,40.76625061035156,5,0.57,4.0
2441,2,Sunday,0,58,0,Sunday,1,4,9,False,-73.95621490478516,40.713645935058594,-73.95149993896484,40.72504425048828,2,1.11,6.5
2442,2,Sunday,0,58,12,Sunday,1,10,26,False,-73.95772552490234,40.72987365722656,-73.98943328857422,40.71907043457031,1,3.9,14.5
2443,2,Sunday,1,0,22,Sunday,1,13,30,False,-73.96131896972656,40.714393615722656,-73.98455047607422,40.72872161865234,1,2.75,12.0
2444,2,Sunday,1,0,31,Sunday,1,4,39,False,-73.93309783935547,40.76372909545898,-73.9193115234375,40.77143478393555,5,1.09,5.5
2445,2,Sunday,1,1,2,Sunday,1,15,44,False,-73.91400146484375,40.76506423950195,-73.9197998046875,40.837669372558594,1,6.37,20.0
2446,2,Sunday,1,6,6,Sunday,1,18,40,False,-73.95203399658203,40.72601318359375,-73.94844055175781,40.76349639892578,2,3.48,13.0
2447,2,Sunday,1,7,6,Sunday,1,19,38,False,-73.93807983398438,40.847652435302734,-73.98838806152344,40.76491165161133,5,7.13,21.0
2448,2,Sunday,1,7,26,Sunday,1,12,36,False,-73.94482421875,40.808406829833984,-73.93897247314453,40.80252075195313,5,0.88,5.5
2449,2,Sunday,1,9,6,Sunday,1,19,26,False,-73.98065185546875,40.66794967651367,-73.9537124633789,40.66474151611328,1,2.14,10.0
2450,2,Sunday,1,9,12,Sunday,1,26,46,False,-73.91902160644531,40.75889587402344,-73.9571762084961,40.70803833007813,1,5.1,17.5
2451,2,Sunday,1,9,55,Sunday,1,29,16,False,-73.9216079711914,40.76702117919922,-73.9922866821289,40.6899642944336,5,10.48,30.5
2452,2,Sunday,1,13,31,Sunday,1,23,21,False,-73.93887329101562,40.80268859863281,-73.948974609375,40.8149528503418,5,1.52,8.5
2453,2,Sunday,1,17,17,Sunday,1,30,24,False,-73.94940948486328,40.714168548583984,-73.9814453125,40.73644638061523,5,3.75,13.5
2454,2,Sunday,1,24,5,Sunday,1,30,21,False,-73.84416961669922,40.72119140625,-73.84437561035156,40.731536865234375,1,1.59,7.0
2455,2,Sunday,1,28,1,Sunday,1,47,22,False,-73.9464340209961,40.816707611083984,-73.98482513427734,40.75395584106445,1,7.39,23.5
2456,2,Sunday,1,31,16,Sunday,1,33,40,False,-73.95157623291016,40.71516036987305,-73.94320678710938,40.72093200683594,1,0.65,4.0
2457,2,Sunday,1,31,33,Sunday,1,54,59,False,-73.94064331054688,40.8056526184082,-73.88761901855469,40.817726135253906,5,5.2,20.5
2458,2,Sunday,1,35,19,Sunday,1,56,54,False,-73.96905517578125,40.68939971923828,-73.96817779541016,40.75128173828125,1,6.32,21.0
2459,2,Sunday,1,35,34,Sunday,1,39,22,False,-73.84422302246094,40.72130966186523,-73.84835052490234,40.71025848388672,1,0.98,5.5
2460,2,Sunday,1,35,48,Sunday,1,51,32,False,-73.96378326416016,40.710594177246094,-73.99485778808594,40.7348861694336,1,3.7,14.5
2461,2,Sunday,1,41,5,Sunday,1,52,21,False,-73.92186737060547,40.7553825378418,-73.92196655273438,40.75535202026367,1,2.16,10.0
2462,2,Sunday,1,41,45,Sunday,1,51,49,False,-73.94009399414062,40.74797821044922,-73.9231185913086,40.76089477539063,2,1.6,9.0
2463,2,Sunday,1,43,19,Sunday,2,3,16,False,-73.95804595947266,40.721763610839844,-73.97185516357422,40.7563705444336,6,5.26,18.5
2464,2,Sunday,1,46,13,Sunday,2,9,42,False,-73.84420776367188,40.72139358520508,-73.9252700805664,40.705238342285156,1,8.15,26.5
2465,2,Sunday,1,50,41,Sunday,1,57,45,False,-73.96156311035156,40.71650695800781,-73.94001770019531,40.70859909057617,1,1.53,7.5
2466,2,Sunday,1,51,29,Sunday,2,9,1,False,-73.9247055053711,40.76162338256836,-73.7960433959961,40.72985458374024,5,9.43,27.5
2467,2,Sunday,1,55,7,Sunday,2,5,12,False,-73.95259857177734,40.71424865722656,-73.94222259521484,40.70822143554688,5,1.93,9.0
2468,2,Sunday,1,55,14,Sunday,2,14,41,False,-73.9169921875,40.76140975952149,-73.98648071289062,40.7556037902832,1,5.0,18.5
2469,2,Sunday,2,4,21,Sunday,2,9,56,False,-73.95132446289062,40.71256637573242,-73.94297790527344,40.71508026123047,1,0.62,5.0
2470,2,Sunday,2,5,37,Sunday,2,11,23,False,-73.91880798339844,40.75910949707031,-73.91492462158203,40.77198028564453,1,1.08,6.0
2471,2,Sunday,2,7,53,Sunday,2,20,48,False,-73.94305419921875,40.83157730102539,-73.8910140991211,40.83207321166992,5,5.71,19.0
2472,2,Sunday,2,9,42,Sunday,2,23,34,False,-73.95269775390625,40.74703598022461,-73.910888671875,40.77626419067383,1,3.71,14.0
2473,2,Sunday,2,10,46,Sunday,2,35,59,False,-73.9430923461914,40.715091705322266,-73.94624328613281,40.71149063110352,1,0.46,11.0
2474,2,Sunday,2,19,34,Sunday,2,28,33,False,-73.91740417480469,40.761024475097656,-73.91057586669922,40.7778205871582,1,1.7,8.0
2475,2,Sunday,2,21,50,Sunday,2,31,20,False,-73.95170593261719,40.725345611572266,-73.93134307861328,40.70426559448242,2,2.4,9.5
2476,2,Sunday,2,22,34,Sunday,2,42,5,False,-73.95195770263672,40.71548080444336,-73.96334838867188,40.65263366699219,5,5.05,18.5
2477,2,Sunday,2,24,5,Sunday,2,39,56,False,-73.94860076904297,40.8257942199707,-73.9798812866211,40.72624588012695,5,8.45,24.5
2478,2,Sunday,2,24,36,Sunday,2,30,50,False,-73.91080474853516,40.77622604370117,-73.9260482788086,40.76386260986328,1,1.34,6.5
2479,2,Sunday,2,30,18,Sunday,2,46,43,False,-73.95246887207031,40.7182502746582,-73.9364013671875,40.6954231262207,6,3.48,14.5
2480,2,Sunday,2,30,55,Sunday,2,32,51,False,-73.91226959228516,40.77489471435547,-73.91634368896484,40.77296447753906,1,0.3,3.5
2481,2,Sunday,2,33,13,Sunday,2,37,29,False,-73.95027160644531,40.71612930297852,-73.95790100097656,40.71038055419922,1,0.7,5.0
2482,2,Sunday,2,34,56,Sunday,2,43,41,False,-73.92219543457031,40.83819580078125,-73.9162826538086,40.816009521484375,5,2.35,10.0
2483,2,Sunday,2,36,40,Sunday,2,40,5,False,-73.84432983398438,40.72099685668945,-73.85362243652344,40.72195053100586,1,0.84,4.5
2484,2,Sunday,2,38,26,Sunday,2,50,57,False,-73.91780853271484,40.76746368408203,-73.94743347167969,40.7756462097168,1,5.52,17.5
2485,2,Sunday,2,40,23,Sunday,2,53,25,False,-73.91881561279297,40.75886917114258,-73.8858413696289,40.74734115600586,5,2.71,12.0
2486,2,Sunday,2,42,57,Sunday,2,53,45,False,-73.95153045654297,40.713844299316406,-73.95199584960938,40.74296951293945,2,2.49,10.5
2487,2,Sunday,2,45,35,Sunday,3,2,48,False,-73.96207427978516,40.71609115600586,-74.01133728027344,40.71353149414063,1,4.08,16.0
2488,2,Sunday,2,45,56,Sunday,2,52,53,False,-73.84420013427734,40.72132110595703,-73.81346130371094,40.723411560058594,1,2.28,8.5
2489,2,Sunday,2,48,28,Sunday,3,12,42,False,-73.91987609863281,40.75789260864258,-74.00487518310547,40.746864318847656,1,6.55,23.0
2490,2,Sunday,2,57,38,Sunday,3,18,32,False,-73.95157623291016,40.71391296386719,-73.97920227050781,40.67245864868164,6,4.73,18.5
2491,2,Sunday,3,1,36,Sunday,3,8,7,False,-73.8319320678711,40.71520233154297,-73.80481719970703,40.721282958984375,1,2.18,9.0
2492,2,Sunday,3,3,12,Sunday,3,22,51,False,-73.94007110595703,40.84092712402344,-74.0062484741211,40.70856094360352,5,12.67,35.0
2493,2,Sunday,3,3,33,Sunday,3,42,15,False,-73.92400360107422,40.75282287597656,-73.93787384033203,40.59462356567383,1,26.0,70.0
2494,2,Sunday,3,4,20,Sunday,3,8,40,False,-73.9156265258789,40.75745010375977,-73.91474914550781,40.74456024169922,5,1.21,6.0
2495,2,Sunday,3,5,30,Sunday,3,18,54,False,-73.9568099975586,40.71671676635742,-73.91486358642578,40.70508575439453,2,3.08,12.0
2496,2,Sunday,3,8,34,Sunday,3,13,5,False,-73.90192413330078,40.77627182006836,-73.89910125732422,40.7697868347168,1,0.82,5.0
2497,2,Sunday,3,10,44,Sunday,3,27,36,False,-73.95171356201172,40.71494674682617,-73.92328643798828,40.68533325195313,5,3.32,14.0
2498,2,Sunday,3,14,26,Sunday,3,20,54,False,-73.89910125732422,40.76979064941406,-73.91661834716797,40.76872634887695,3,1.58,7.5
2499,2,Sunday,3,18,16,Sunday,3,28,27,False,-73.9190444946289,40.75887680053711,-73.9195327758789,40.77160263061523,5,1.32,7.0
