900,2,Sunday,11,49,25,Sunday,11,59,44,False,-73.91163635253906,40.74448013305664,-73.8765869140625,40.74788284301758,1,1.89,8.5
901,2,Sunday,12,1,12,Sunday,12,1,39,False,-73.9442138671875,40.80078887939453,-73.94367218017578,40.80155563354492,1,0.02,2.5
902,2,Sunday,12,15,53,Sunday,12,23,2,False,-73.93898010253906,40.804988861083984,-73.93310546875,40.795223236083984,1,1.53,7.0
903,2,Sunday,12,27,27,Sunday,12,27,39,False,-73.92898559570312,40.855865478515625,-73.9298324584961,40.85476303100586,5,0.06,2.5
904,2,Sunday,12,32,45,Sunday,12,49,24,False,-73.9394302368164,40.80515670776367,-73.97960662841797,40.776344299316406,1,3.72,14.5
905,2,Sunday,12,41,12,Sunday,12,48,38,False,-73.9447250366211,40.8344841003418,-73.95178985595703,40.81037521362305,1,2.0,8.5
906,2,Sunday,12,44,54,Sunday,12,49,58,False,-73.92696380615234,40.86568832397461,-73.93881225585938,40.84918975830078,5,1.76,8.5
907,2,Sunday,12,52,10,Sunday,13,1,2,False,-73.84427642822266,40.721336364746094,-73.85784149169922,40.73360443115234,2,1.34,8.0
908,2,Sunday,12,52,22,Sunday,12,57,8,False,-73.9527587890625,40.8107795715332,-73.9671401977539,40.80381393432617,1,1.23,6.0
909,2,Sunday,13,11,20,Sunday,13,26,53,False,-73.98299407958984,40.665130615234375,-73.99199676513672,40.69724655151367,2,3.1,13.5
910,2,Sunday,13,20,3,Sunday,13,42,38,False,-73.93482971191406,40.84793090820313,-74.00570678710938,40.74109649658203,5,8.99,28.0
911,2,Sunday,13,29,15,Sunday,13,39,19,False,-73.84427642822266,40.721351623535156,-73.86976623535156,40.7028694152832,1,2.0,10.0
912,2,Sunday,13,33,5,Sunday,13,45,15,False,-73.99244689941406,40.68964767456055,-73.99547576904297,40.66170120239258,3,2.35,11.0
913,2,Sunday,13,54,8,Sunday,13,59,27,False,-73.99686431884766,40.67435836791992,-74.00104522705078,40.68386459350586,1,0.86,5.5
914,2,Sunday,14,21,33,Sunday,14,23,21,False,-73.93927764892578,40.8415412902832,-73.93843078613281,40.84275817871094,5,0.09,3.0
915,2,Sunday,14,24,55,Sunday,14,31,51,False,-73.93788146972656,40.84352493286133,-73.94771575927734,40.82993698120117,5,1.2,7.0
916,2,Sunday,14,26,46,Sunday,14,31,4,False,-73.84430694580078,40.72136688232422,-73.83010864257812,40.71379089355469,1,0.78,5.0
917,2,Sunday,14,33,39,Sunday,14,43,39,False,-73.947021484375,40.83091354370117,-73.9211196899414,40.869728088378906,5,3.55,12.5
918,2,Sunday,14,37,39,Sunday,14,46,5,False,-73.83786010742188,40.718997955322266,-73.85261535644531,40.73603439331055,1,1.51,8.0
919,2,Sunday,14,48,59,Sunday,15,9,18,False,-73.8301773071289,40.71374130249024,-73.78348541259766,40.644309997558594,1,6.38,21.0
920,2,Sunday,14,59,8,Sunday,15,16,54,False,-73.85261535644531,40.73600387573242,-73.94113159179688,40.79848098754883,1,10.25,28.5
921,2,Sunday,15,12,48,Sunday,15,18,25,False,-73.94656372070312,40.83149337768555,-73.93798828125,40.84745788574219,5,1.22,6.5
922,2,Sunday,15,50,55,Sunday,15,56,36,False,-73.8299789428711,40.71370315551758,-73.84114074707031,40.701358795166016,1,1.46,6.5
923,2,Sunday,16,15,21,Sunday,16,25,22,False,-73.84414672851562,40.72134780883789,-73.83047485351562,40.7016716003418,1,1.93,9.0
924,2,Sunday,16,55,29,Sunday,17,8,58,False,-73.82987213134766,40.713680267333984,-73.86331176757812,40.728515625,1,2.71,12.5
925,2,Sunday,16,55,48,Sunday,16,59,38,False,-73.89564514160156,40.8622932434082,-73.89425659179688,40.856666564941406,5,0.56,4.5
926,2,Sunday,16,58,43,Sunday,17,6,51,False,-73.94515991210938,40.833831787109375,-73.94810485839844,40.81692123413086,5,1.46,8.0
927,2,Sunday,17,10,40,Sunday,17,17,21,False,-73.95148468017578,40.81206893920898,-73.95858764648438,40.820091247558594,5,1.0,6.0
928,2,Sunday,17,34,58,Sunday,17,39,23,False,-73.8859634399414,40.74959945678711,-73.88238525390625,40.75012969970703,6,0.47,4.5
929,2,Sunday,17,38,52,Sunday,17,51,12,False,-73.94171142578125,40.83861541748047,-73.90596771240234,40.842628479003906,5,3.01,11.5
930,2,Sunday,17,51,18,Sunday,17,57,3,False,-73.93850708007812,40.796165466308594,-73.95288848876953,40.79175567626953,5,1.42,6.5
931,2,Sunday,18,4,28,Sunday,18,10,53,False,-73.9543685913086,40.730281829833984,-73.95516967773438,40.7226791381836,6,0.63,4.0
932,2,Sunday,18,22,39,Sunday,18,39,35,False,-73.96051788330078,40.71951293945313,-73.98323059082031,40.689266204833984,6,3.14,14.0
933,1,Sunday,18,26,8,Sunday,18,39,29,True,-73.87876892089844,40.7563705444336,-73.92929077148438,40.7570915222168,1,2.8,12.0
934,2,Sunday,18,32,14,Sunday,18,36,22,False,-73.9393539428711,40.842384338378906,-73.94847869873047,40.83430862426758,5,0.84,5.0
935,1,Sunday,18,44,7,Sunday,18,54,17,True,-73.92204284667969,40.75505828857422,-73.89077758789062,40.75410461425781,1,1.8,9.5
936,2,Sunday,18,46,58,Sunday,19,4,33,False,-73.93338012695312,40.84961700439453,-73.97683715820312,40.7884635925293,5,5.87,19.5
937,2,Sunday,18,57,48,Sunday,19,4,10,False,-73.95538330078125,40.72008895874024,-73.94794464111328,40.71575546264648,6,1.1,6.0
938,2,Sunday,19,8,41,Sunday,19,14,28,False,-73.94862365722656,40.82917785644531,-73.96066284179688,40.81801223754883,5,1.24,6.5
939,2,Sunday,19,11,13,Sunday,19,26,57,False,-73.96556854248047,40.805458068847656,-73.94268798828125,40.84615707397461,5,3.32,14.0
940,2,Sunday,19,18,8,Sunday,19,25,4,False,-73.95560455322266,40.71983337402344,-73.95527648925781,40.73669815063477,6,1.09,6.5
941,2,Sunday,19,27,39,Sunday,19,56,22,False,-73.95536804199219,40.7371940612793,-73.99324798583984,40.75582885742188,6,5.49,21.5
942,2,Sunday,19,28,12,Sunday,19,40,36,False,-73.91665649414062,40.74314880371094,-73.88204193115234,40.7424201965332,3,2.04,10.0
943,2,Sunday,19,30,29,Sunday,19,48,31,False,-73.93931579589844,40.84317398071289,-73.95332336425781,40.80013656616211,5,3.71,15.5
944,2,Sunday,20,2,18,Sunday,20,11,53,False,-73.94889831542969,40.8282585144043,-73.94064331054688,40.85050964355469,5,2.0,9.0
945,2,Sunday,20,24,32,Sunday,20,31,10,False,-73.9510498046875,40.727725982666016,-73.95719909667969,40.74547576904297,3,1.92,8.0
946,2,Sunday,20,35,52,Sunday,20,41,1,False,-73.95431518554688,40.74274063110352,-73.94731140136719,40.72288513183594,1,1.61,7.0
947,2,Sunday,20,46,30,Sunday,21,21,16,False,-73.95184326171875,40.73039627075195,-73.9932861328125,40.746971130371094,6,5.19,19.5
948,2,Sunday,20,46,39,Sunday,20,55,41,False,-73.95581817626953,40.81410217285156,-73.980224609375,40.78054428100586,5,3.03,11.0
949,2,Sunday,20,53,29,Sunday,21,20,45,False,-73.95874786376953,40.71492385864258,-74.00311279296875,40.726863861083984,3,3.66,20.0
950,2,Sunday,21,18,44,Sunday,21,26,8,False,-73.94692993164062,40.78827667236328,-73.94544982910156,40.80808639526367,5,1.82,8.0
951,2,Sunday,21,21,39,Sunday,21,27,39,False,-73.94593811035156,40.80796813964844,-73.95341491699219,40.8194694519043,5,1.16,6.5
952,2,Sunday,21,34,25,Sunday,21,57,36,False,-73.94486999511719,40.80852890014648,-73.97562408447266,40.749473571777344,5,5.39,20.0
953,2,Sunday,21,56,4,Sunday,22,19,32,False,-73.98970794677734,40.68791580200195,-73.92567443847656,40.70376205444336,1,5.54,20.0
954,2,Sunday,22,12,53,Sunday,22,28,36,False,-73.87506866455078,40.75074768066406,-73.82611083984375,40.751625061035156,6,3.66,14.0
955,2,Sunday,22,32,25,Sunday,22,36,42,False,-73.94548034667969,40.71152877807617,-73.93949890136719,40.70544815063477,2,0.71,5.0
956,2,Sunday,22,41,26,Sunday,22,59,50,False,-73.94062042236328,40.7119140625,-73.85751342773438,40.708831787109375,2,4.63,17.5
957,2,Sunday,22,48,58,Sunday,22,55,34,False,-73.89151000976562,40.7469596862793,-73.87741088867188,40.73733520507813,6,1.16,6.5
958,2,Sunday,22,59,48,Sunday,23,5,49,False,-73.8837661743164,40.73825073242188,-73.89064025878906,40.73889923095703,6,0.68,6.0
959,2,Sunday,23,4,22,Sunday,23,15,0,False,-73.8603515625,40.71542739868164,-73.8292007446289,40.74629211425781,3,4.72,14.5
960,2,Sunday,23,11,15,Sunday,23,17,34,False,-73.87804412841797,40.73638153076172,-73.86624145507812,40.74281692504883,6,0.8,4.5
961,2,Monday,0,19,8,Monday,0,22,19,False,-73.94026184082031,40.84062194824219,-73.94632720947266,40.835121154785156,5,0.56,4.5
962,2,Monday,1,59,55,Monday,2,4,29,False,-73.93791961669922,40.84810256958008,-73.9480209350586,40.83435440063477,5,1.2,6.0
963,2,Monday,3,3,20,Monday,3,12,43,False,-73.95037841796875,40.71662139892578,-73.95447540283203,40.691139221191406,5,2.42,10.0
964,2,Monday,3,30,10,Monday,3,54,47,False,-73.95156860351562,40.71390914916992,-73.99298858642578,40.70116424560547,5,5.59,21.0
965,2,Monday,4,8,19,Monday,4,9,39,False,-73.94973754882812,40.71545791625977,-73.9494400024414,40.71409225463867,5,0.09,3.0
966,2,Monday,4,21,18,Monday,4,37,39,False,-73.95978546142578,40.71512222290039,-73.90664672851562,40.68290328979492,5,4.03,15.5
967,2,Monday,4,44,21,Monday,4,53,38,False,-73.94283294677734,40.79920196533203,-73.94212341308594,40.82204818725586,5,2.14,10.0
968,2,Monday,4,46,0,Monday,5,0,34,False,-73.93248748779297,40.6974983215332,-73.95721435546875,40.73421096801758,5,3.22,13.0
969,2,Monday,4,54,57,Monday,5,16,55,False,-73.94105529785156,40.82160568237305,-73.99236297607422,40.735511779785156,5,11.1,32.5
970,2,Monday,5,49,5,Monday,6,3,15,False,-73.94002532958984,40.84098434448242,-73.95348358154297,40.79093933105469,5,4.11,15.0
971,2,Monday,6,6,9,Monday,6,19,27,False,-73.92534637451172,40.86685180664063,-73.94639587402344,40.80234146118164,1,4.16,17.5
972,2,Monday,6,7,19,Monday,6,31,34,False,-73.91759490966797,40.74322128295898,-74.00411987304688,40.752628326416016,5,6.24,22.0
973,2,Monday,6,31,18,Monday,6,36,25,False,-73.90550231933594,40.84925842285156,-73.92560577392578,40.84186553955078,5,1.56,6.5
974,2,Monday,6,34,1,Monday,6,43,8,False,-73.95430755615234,40.82134628295898,-73.97207641601562,40.79463958740234,5,2.51,10.5
975,2,Monday,7,10,43,Monday,7,38,37,False,-73.83024597167969,40.71406173706055,-73.92764282226562,40.74440383911133,1,5.69,24.0
976,2,Monday,7,11,16,Monday,7,11,54,False,-73.79837036132812,40.64509963989258,-73.80191040039062,40.6472053527832,1,7.65,25.0
977,2,Monday,7,12,25,Monday,7,12,28,False,-73.92831420898438,40.85667037963867,-73.9306869506836,40.85735321044922,1,0.01,2.5
978,2,Monday,7,32,45,Monday,7,42,48,False,-73.8275146484375,40.71194839477539,-73.80522155761719,40.73881530761719,1,4.46,14.5
979,2,Monday,7,35,24,Monday,7,50,24,False,-73.9471435546875,40.8311653137207,-73.98298645019531,40.7767333984375,1,4.74,16.5
980,2,Monday,7,59,12,Monday,8,5,32,False,-73.95833587646484,40.81531143188477,-73.9363784790039,40.80848693847656,5,1.11,7.5
981,2,Monday,8,5,34,Monday,8,25,47,False,-73.83316802978516,40.70312881469727,-73.93170928955078,40.74443054199219,5,8.04,24.5
982,2,Monday,8,13,14,Monday,8,28,56,False,-73.92610931396484,40.86601257324219,-73.88674926757812,40.84043502807617,1,5.04,17.0
983,2,Monday,8,15,44,Monday,8,33,42,False,-73.95267486572266,40.81087875366211,-73.98121643066406,40.76617050170898,5,3.91,15.5
984,2,Monday,8,19,44,Monday,8,30,14,False,-73.9411849975586,40.839332580566406,-73.8945083618164,40.85091018676758,5,3.77,13.0
985,2,Monday,8,26,15,Monday,8,40,43,False,-73.95269012451172,40.82353210449219,-73.95185089111328,40.78785705566406,1,3.51,14.0
986,2,Monday,8,40,21,Monday,8,42,43,False,-73.9210205078125,40.83572387695313,-73.92557525634766,40.82857894897461,5,0.57,4.0
987,2,Monday,8,45,36,Monday,8,48,33,False,-73.90413665771484,40.87018966674805,-73.91014099121094,40.87443161010742,1,0.53,4.5
988,2,Monday,8,45,50,Monday,8,55,2,False,-73.92588806152344,40.82831573486328,-73.93415832519531,40.849609375,5,2.11,9.5
989,2,Monday,8,56,33,Monday,9,7,2,False,-73.82987976074219,40.71371841430664,-73.85672760009766,40.74016571044922,1,4.07,13.5
990,2,Monday,9,0,46,Monday,9,34,29,False,-73.93891143798828,40.84458541870117,-73.77633666992188,40.645408630371094,5,20.71,52.0
991,2,Monday,9,0,50,Monday,9,5,46,False,-73.82998657226562,40.713714599609375,-73.81562042236328,40.70006561279297,1,1.19,6.5
992,2,Monday,9,2,44,Monday,9,14,36,False,-73.95384979248047,40.8063850402832,-73.94035339355469,40.840579986572266,5,2.63,11.0
993,2,Monday,9,5,10,Monday,9,17,36,False,-73.925537109375,40.81026458740234,-73.93804931640625,40.80461883544922,1,2.11,13.0
994,2,Monday,9,13,51,Monday,9,27,16,False,-73.91353607177734,40.765724182128906,-73.94086456298828,40.75505447387695,5,2.17,10.5
995,2,Monday,9,13,51,Monday,9,28,15,False,-73.91353607177734,40.765724182128906,-73.93822479248047,40.75707626342773,4,0.1,52.0
996,2,Monday,9,20,46,Monday,9,32,16,False,-73.93788146972656,40.80380630493164,-73.87110900878906,40.77413177490234,1,5.6,19.5
997,2,Monday,9,23,48,Monday,9,32,21,False,-73.84391021728516,40.72119140625,-73.80545043945312,40.70998001098633,1,2.31,10.0
998,2,Monday,9,29,38,Monday,9,45,27,False,-73.9660873413086,40.8051986694336,-73.95848846435547,40.781471252441406,5,2.68,13.0
999,2,Monday,9,29,52,Monday,9,58,2,False,-73.8301773071289,40.71374130249024,-73.98700714111328,40.69351196289063,5,10.67,33.5
