3000,2,Monday,17,35,45,Monday,17,39,46,False,-73.84741973876953,40.83634948730469,-73.845458984375,40.84243774414063,1,0.71,7.0
3001,2,Monday,17,38,10,Monday,18,17,12,False,-73.8459243774414,40.754638671875,-73.99219512939453,40.68334197998047,6,10.9,34.5
3002,2,Monday,17,39,21,Monday,17,44,15,False,-73.9727554321289,40.677406311035156,-73.96302032470703,40.66219711303711,1,1.34,6.5
3003,1,Monday,17,41,4,Monday,17,43,52,False,-73.884033203125,40.74588394165039,-73.89068603515625,40.742000579833984,1,0.5,4.0
3004,2,Monday,17,41,30,Monday,17,59,10,False,-73.83309936523438,40.75435256958008,-73.84493255615234,40.73089218139648,1,3.29,15.0
3005,2,Monday,17,44,57,Monday,17,57,50,False,-73.97454071044922,40.6584358215332,-73.95025634765625,40.65408325195313,2,1.94,10.5
3006,2,Monday,17,54,31,Monday,18,10,57,False,-73.97767639160156,40.68453598022461,-73.97695922851562,40.72233963012695,1,4.94,18.0
3007,2,Monday,17,58,25,Monday,18,3,6,False,-73.8442153930664,40.72130584716797,-73.85948944091797,40.71807098388672,1,1.14,6.0
3008,2,Monday,18,0,43,Monday,18,9,56,False,-73.91548156738281,40.75729751586914,-73.88147735595703,40.7602424621582,5,2.0,9.0
3009,2,Monday,18,0,55,Monday,18,8,11,False,-73.94613647460938,40.82453918457031,-73.9203872680664,40.81668090820313,1,1.43,7.5
3010,2,Monday,18,6,15,Monday,18,10,34,False,-73.84419250488281,40.72130966186523,-73.85717010498047,40.71702194213867,1,1.12,5.5
3011,2,Monday,18,8,25,Monday,18,21,54,False,-73.91686248779297,40.761474609375,-73.8895034790039,40.77296447753906,1,2.06,10.5
3012,2,Monday,18,9,43,Monday,18,13,55,False,-73.84700012207031,40.83785629272461,-73.8609619140625,40.8362922668457,1,1.11,5.5
3013,2,Monday,18,10,50,Monday,18,16,24,False,-73.91873931884766,40.75923156738281,-73.93408966064453,40.77311325073242,3,1.46,7.0
3014,2,Monday,18,11,48,Monday,18,38,16,False,-73.95252990722656,40.78942108154297,-73.86669921875,40.76999282836914,1,8.16,25.5
3015,2,Monday,18,12,54,Monday,18,37,22,False,-73.9400634765625,40.84093856811523,-73.98173522949219,40.755348205566406,5,7.66,26.5
3016,2,Monday,18,13,15,Monday,18,25,18,False,-73.94805908203125,40.80906677246094,-73.9698486328125,40.78959274291992,5,2.06,10.0
3017,1,Monday,18,14,14,Monday,18,24,34,True,-73.89250183105469,40.74742126464844,-73.92474365234375,40.741397857666016,1,1.8,9.5
3018,1,Monday,18,14,29,Monday,18,24,30,False,-73.88675689697266,40.74713134765625,-73.88739013671875,40.73817825317383,1,1.3,8.5
3019,2,Monday,18,15,32,Monday,18,35,25,False,-73.89115905761719,40.74658584594727,-73.84375762939453,40.75623321533203,5,5.07,17.5
3020,2,Monday,18,19,46,Monday,18,41,21,False,-73.80680847167969,40.69873046875,-73.82323455810547,40.75449752807617,1,6.76,22.5
3021,2,Monday,18,21,38,Monday,18,26,51,False,-73.84597778320312,40.754783630371094,-73.86343383789062,40.76906204223633,1,2.07,8.0
3022,2,Monday,18,21,43,Monday,18,30,10,False,-73.82872772216797,40.71321868896485,-73.83143615722656,40.6971435546875,5,1.36,7.5
3023,2,Monday,18,23,9,Monday,18,27,52,False,-73.8289794921875,40.71326446533203,-73.82292175292969,40.71425247192383,2,0.44,5.0
3024,2,Monday,18,26,55,Monday,18,40,54,False,-73.84418487548828,40.72129440307617,-73.78267669677734,40.64480590820313,1,7.37,21.5
3025,2,Monday,18,28,3,Monday,19,0,40,False,-73.84488677978516,40.7549057006836,-74.00807189941406,40.73883056640625,1,13.72,40.0
3026,2,Monday,18,28,48,Monday,18,40,35,False,-73.93022918701172,40.76671600341797,-73.89051055908203,40.75870132446289,1,2.32,11.0
3027,2,Monday,18,30,0,Monday,18,44,10,False,-73.84429168701172,40.72130966186523,-73.8450698852539,40.75494384765625,1,4.21,15.5
3028,2,Monday,18,30,53,Monday,18,34,46,False,-73.9209213256836,40.75930404663086,-73.91339111328125,40.76863098144531,5,0.74,5.0
3029,2,Monday,18,32,54,Monday,18,46,31,False,-73.85186767578125,40.83782196044922,-73.91761016845703,40.80672073364258,1,5.08,12.0
3030,2,Monday,18,37,0,Monday,18,55,11,False,-73.9150619506836,40.76396179199219,-73.94842529296875,40.824012756347656,1,5.94,20.0
3031,2,Monday,18,40,17,Monday,18,49,7,False,-73.91151428222656,40.77566528320313,-73.88394927978516,40.75803756713867,3,2.13,9.0
3032,2,Monday,18,40,42,Monday,19,7,14,False,-73.9553451538086,40.80453109741211,-73.99253845214844,40.72871780395508,5,7.89,26.5
3033,2,Monday,18,42,5,Monday,18,48,23,False,-73.9139404296875,40.8331413269043,-73.90174865722656,40.85445022583008,1,1.88,8.0
3034,2,Monday,18,42,32,Monday,18,47,5,False,-73.84505462646484,40.75485229492188,-73.86420440673828,40.76962661743164,1,2.12,8.0
3035,2,Monday,18,46,24,Monday,19,7,59,False,-73.95875549316406,40.71683120727539,-74.0055923461914,40.72575759887695,5,3.91,17.0
3036,2,Monday,18,48,25,Monday,18,52,0,False,-73.93152618408203,40.76551818847656,-73.9438247680664,40.75475692749024,5,1.05,5.5
3037,2,Monday,18,48,56,Monday,18,54,41,False,-73.92618560791016,40.772071838378906,-73.94236755371094,40.75419235229492,1,1.5,7.0
3038,2,Monday,18,51,33,Monday,18,56,16,False,-73.91515350341797,40.76368713378906,-73.92145538330078,40.75325012207031,1,0.91,5.5
3039,1,Monday,18,53,17,Monday,18,59,45,False,-73.8850326538086,40.744083404541016,-73.8786392211914,40.755165100097656,1,1.2,6.5
3040,2,Monday,18,53,37,Monday,18,57,0,False,-73.91912841796875,40.75910186767578,-73.9279556274414,40.76002502441406,1,0.48,4.5
3041,2,Monday,18,55,21,Monday,19,6,49,False,-73.89364624023438,40.76857376098633,-73.92037963867188,40.766448974609375,2,2.21,10.0
3042,2,Monday,18,58,18,Monday,19,24,49,False,-73.84581756591797,40.75464630126953,-73.98690795898438,40.67896270751953,6,10.82,32.5
3043,2,Monday,18,58,21,Monday,19,10,45,False,-73.82963562011719,40.71387100219727,-73.83181762695312,40.71507263183594,1,4.98,17.0
3044,2,Monday,18,58,31,Monday,19,7,5,False,-73.9459228515625,40.808048248291016,-73.93675994873047,40.80237579345703,5,1.35,7.5
3045,2,Monday,19,1,12,Monday,19,12,14,False,-73.84425354003906,40.72134780883789,-73.81990051269531,40.7391242980957,1,2.69,11.0
3046,2,Monday,19,1,13,Monday,19,10,6,False,-73.82962799072266,40.71359634399414,-73.81689453125,40.68184661865234,5,2.99,10.5
3047,2,Monday,19,1,42,Monday,19,3,59,False,-73.91989135742188,40.75935363769531,-73.92372131347656,40.754539489746094,2,0.39,4.0
3048,2,Monday,19,5,13,Monday,19,19,0,False,-73.98915100097656,40.691001892089844,-73.95576477050781,40.76391220092773,1,7.31,21.5
3049,2,Monday,19,5,28,Monday,19,10,4,False,-73.84622955322266,40.75436019897461,-73.85376739501953,40.75224685668945,1,1.01,5.5
3050,2,Monday,19,9,45,Monday,19,22,17,False,-73.93938446044922,40.80534362792969,-73.97310638427734,40.78949737548828,5,2.79,12.0
3051,2,Monday,19,10,58,Monday,19,22,40,False,-73.91954040527344,40.75837707519531,-73.91172790527344,40.77517700195313,5,1.74,9.5
3052,2,Monday,19,16,18,Monday,19,20,1,False,-73.84422302246094,40.72130966186523,-73.82418060302734,40.71280288696289,1,1.52,6.5
3053,2,Monday,19,19,34,Monday,19,38,35,False,-73.84375762939453,40.7551155090332,-73.9524917602539,40.711219787597656,1,9.28,27.5
3054,2,Monday,19,20,54,Monday,19,37,52,False,-73.92076873779297,40.756736755371094,-73.94715881347656,40.791099548339844,1,5.26,17.5
3055,2,Monday,19,24,21,Monday,19,28,58,False,-73.83000946044922,40.71375274658203,-73.81884765625,40.71697616577149,2,1.02,6.0
3056,2,Monday,19,24,57,Monday,19,33,10,False,-73.84429931640625,40.72135925292969,-73.77339935302734,40.72191619873047,1,4.0,13.0
3057,2,Monday,19,29,11,Monday,19,44,50,False,-73.92617797851562,40.77214813232422,-73.92384338378906,40.7440185546875,5,2.99,13.0
3058,2,Monday,19,30,37,Monday,19,33,23,False,-73.9115219116211,40.77550506591797,-73.91862487792969,40.78068923950195,3,0.63,4.5
3059,2,Monday,19,34,21,Monday,19,41,5,False,-73.94904327392578,40.809349060058594,-73.93762969970703,40.81880187988281,5,1.44,6.5
3060,2,Monday,19,35,23,Monday,19,45,22,False,-73.92070770263672,40.76752853393555,-73.93180084228516,40.79537963867188,1,3.89,13.0
3061,2,Monday,19,35,39,Monday,19,41,52,False,-73.84425354003906,40.721351623535156,-73.85578918457031,40.71041870117188,1,1.26,7.0
3062,1,Monday,19,42,27,Monday,19,58,41,True,-73.89277648925781,40.74882888793945,-73.85997772216797,40.741966247558594,1,2.2,12.0
3063,2,Monday,19,46,48,Monday,19,59,35,False,-73.9451675415039,40.808406829833984,-73.9461441040039,40.78153610229492,5,3.47,13.0
3064,2,Monday,19,51,16,Monday,20,4,52,False,-73.845703125,40.754730224609375,-73.81060028076172,40.73345184326172,1,3.6,13.5
3065,2,Monday,19,52,3,Monday,20,0,34,False,-73.84420776367188,40.72132873535156,-73.80331420898438,40.70523452758789,1,2.94,11.0
3066,2,Monday,19,54,24,Monday,20,3,46,False,-73.91983032226562,40.75787353515625,-73.94550323486328,40.75559616088867,1,1.98,9.0
3067,2,Monday,19,59,14,Monday,20,9,15,False,-73.98352813720703,40.68641662597656,-73.97147369384766,40.67632293701172,1,1.46,7.5
3068,2,Monday,20,0,38,Monday,20,4,19,False,-73.95169830322266,40.71419906616211,-73.96156311035156,40.71648406982422,5,0.77,4.5
3069,2,Monday,20,2,16,Monday,20,7,19,False,-73.83016967773438,40.71374130249024,-73.82142639160156,40.71574401855469,5,0.7,5.5
3070,2,Monday,20,5,49,Monday,20,9,38,False,-73.92463684082031,40.77400207519531,-73.93563842773438,40.763671875,5,1.0,5.5
3071,2,Monday,20,6,31,Monday,20,14,19,False,-73.94126892089844,40.78804397583008,-73.93954467773438,40.81336975097656,5,2.39,9.0
3072,2,Monday,20,7,9,Monday,20,9,50,False,-73.83018493652344,40.71369171142578,-73.82122039794922,40.71471405029297,2,0.54,4.0
3073,2,Monday,20,7,40,Monday,20,17,22,False,-73.96161651611328,40.71647644042969,-73.98590087890625,40.72272872924805,5,2.42,10.0
3074,2,Monday,20,8,12,Monday,20,29,22,False,-73.8460464477539,40.75447463989258,-73.97441864013672,40.75973129272461,1,11.41,32.0
3075,2,Monday,20,11,43,Monday,20,15,23,False,-73.84429168701172,40.72134017944336,-73.85294342041016,40.71708679199219,1,0.9,5.0
3076,2,Monday,20,13,36,Monday,20,16,31,False,-73.91551971435547,40.85027694702149,-73.90632629394531,40.84941864013672,1,0.63,4.5
3077,2,Monday,20,15,29,Monday,20,21,25,False,-73.9423828125,40.75414276123047,-73.9228515625,40.75545120239258,5,1.38,6.5
3078,2,Monday,20,18,30,Monday,20,27,5,False,-73.9134521484375,40.765663146972656,-73.88967895507812,40.76876831054688,5,1.9,8.0
3079,2,Monday,20,19,30,Monday,20,22,33,False,-73.84426879882812,40.72130966186523,-73.85425567626953,40.72229766845703,1,0.8,4.5
3080,2,Monday,20,20,19,Monday,20,36,58,False,-73.9393081665039,40.80514144897461,-73.9384765625,40.846046447753906,5,3.5,14.5
3081,2,Monday,20,21,21,Monday,20,31,40,False,-73.84424591064453,40.72137451171875,-73.8051528930664,40.732906341552734,1,2.76,10.5
3082,2,Monday,20,21,55,Monday,20,37,20,False,-73.83020782470703,40.71368408203125,-73.8695068359375,40.66554260253906,5,7.67,23.0
3083,2,Monday,20,21,56,Monday,20,30,39,False,-73.83000946044922,40.71376037597656,-73.8124771118164,40.7142219543457,2,1.13,7.0
3084,2,Monday,20,24,39,Monday,20,31,17,False,-73.91919708251953,40.7586555480957,-73.9364242553711,40.75522232055664,5,1.29,7.0
3085,2,Monday,20,27,31,Monday,20,33,25,False,-73.84419250488281,40.72132873535156,-73.81573486328125,40.71943664550781,1,1.88,8.0
3086,2,Monday,20,27,58,Monday,20,42,59,False,-73.92346954345703,40.74396133422852,-73.94325256347656,40.76899719238281,1,2.84,12.5
3087,2,Monday,20,28,5,Monday,20,46,31,False,-73.84606170654297,40.75442886352539,-73.97557830810547,40.68968963623047,1,11.44,32.0
3088,2,Monday,20,35,3,Monday,20,43,22,False,-73.989013671875,40.70245742797852,-73.95069885253906,40.72357940673828,1,4.11,13.5
3089,2,Monday,20,41,18,Monday,20,56,8,False,-73.85330963134766,40.75232315063477,-73.85250091552734,40.78395462036133,2,3.78,14.0
3090,2,Monday,20,42,58,Monday,20,49,26,False,-73.92353820800781,40.753665924072266,-73.90585327148438,40.748931884765625,1,1.28,7.0
3091,2,Monday,20,44,53,Monday,20,53,22,False,-73.84427642822266,40.7213134765625,-73.86663055419922,40.72174072265625,1,1.51,8.0
3092,2,Monday,20,46,42,Monday,21,0,36,False,-73.91926574707031,40.75861740112305,-73.96795654296875,40.75935745239258,5,3.32,13.5
3093,2,Monday,20,47,57,Monday,21,18,50,False,-73.84569549560547,40.75467300415039,-73.98131561279297,40.763973236083984,2,11.28,36.0
3094,2,Monday,20,49,22,Monday,21,4,27,False,-73.84425354003906,40.72135543823242,-73.88117218017578,40.74014663696289,1,2.99,13.5
3095,2,Monday,20,51,45,Monday,21,1,23,False,-73.98235321044922,40.69197082519531,-73.97615051269531,40.68220901489258,1,1.75,8.5
3096,2,Monday,20,51,55,Monday,21,3,4,False,-73.95601654052734,40.714149475097656,-73.9301528930664,40.70032501220703,6,2.16,9.5
3097,2,Monday,21,0,1,Monday,21,19,7,False,-73.95642852783203,40.71885681152344,-73.94075775146484,40.68063354492188,5,3.78,15.5
3098,2,Monday,21,3,18,Monday,21,15,9,False,-73.9371566772461,40.804195404052734,-73.91634368896484,40.82471466064453,5,2.37,10.5
3099,2,Monday,21,4,16,Monday,21,14,4,False,-73.84423065185547,40.72132873535156,-73.81495666503906,40.73382186889648,1,2.31,10.0
