5100,2,Friday,21,3,12,Friday,21,8,0,False,-73.91950988769531,40.75838851928711,-73.90855407714844,40.75330352783203,5,1.22,6.0
5101,2,Friday,21,4,59,Friday,21,15,44,False,-73.90312957763672,40.74623107910156,-73.90731811523438,40.77375030517578,5,2.61,11.0
5102,2,Friday,21,5,54,Friday,21,13,28,False,-73.8442153930664,40.721336364746094,-73.81623840332031,40.7112922668457,1,1.96,8.5
5103,2,Friday,21,6,0,Friday,21,19,53,False,-73.91987609863281,40.84480667114258,-73.8660888671875,40.82123947143555,1,3.77,13.0
5104,2,Friday,21,8,32,Friday,21,28,27,False,-73.95101165771484,40.78593444824219,-73.96612548828125,40.71040344238281,5,8.18,25.5
5105,2,Friday,21,11,6,Friday,21,24,27,False,-73.84648132324219,40.75446701049805,-73.87228393554688,40.77127075195313,2,5.85,18.0
5106,2,Friday,21,11,7,Friday,21,43,36,False,-73.95861053466797,40.81027603149414,-73.77680206298828,40.64648818969727,5,18.87,52.0
5107,2,Friday,21,11,8,Friday,21,23,24,False,-73.83000183105469,40.713722229003906,-73.77629852294922,40.64536666870117,2,6.82,20.0
5108,2,Friday,21,12,16,Friday,21,23,56,False,-73.84638214111328,40.75456237792969,-73.83126831054688,40.76179122924805,2,6.81,19.5
5109,2,Friday,21,13,38,Friday,21,21,51,False,-73.95989227294922,40.70569229125977,-73.95045471191406,40.68255233764648,1,1.77,8.0
5110,2,Friday,21,15,0,Friday,21,39,0,False,-73.84639739990234,40.754493713378906,-73.97191619873047,40.76217269897461,1,10.35,31.5
5111,2,Friday,21,15,16,Friday,21,19,50,False,-73.95828247070312,40.73341369628906,-73.95086669921875,40.72393798828125,1,0.89,5.5
5112,2,Friday,21,15,28,Friday,21,25,53,False,-73.92212677001953,40.76728439331055,-73.92919158935547,40.77588272094727,1,1.89,9.0
5113,2,Friday,21,16,17,Friday,21,21,12,False,-73.94171142578125,40.798583984375,-73.95063018798828,40.79240798950195,2,0.94,5.5
5114,2,Friday,21,16,23,Friday,21,27,38,False,-73.88481140136719,40.85422897338867,-73.84164428710938,40.86790084838867,4,3.25,12.5
5115,2,Friday,21,16,49,Friday,21,38,7,False,-73.9573745727539,40.718238830566406,-73.94065856933594,40.79325485229492,1,7.26,23.0
5116,2,Friday,21,18,18,Friday,21,42,54,False,-73.8461685180664,40.75442886352539,-73.95620727539062,40.77574157714844,1,10.75,31.0
5117,2,Friday,21,19,12,Friday,21,31,8,False,-73.96377563476562,40.71041870117188,-74.01042938232422,40.71942138671875,6,2.87,11.5
5118,1,Friday,21,19,53,Friday,21,25,59,False,-73.98409271240234,40.671966552734375,-73.988525390625,40.659156799316406,2,1.2,6.5
5119,2,Friday,21,21,41,Friday,21,27,8,False,-73.91016387939453,40.76953125,-73.89727020263672,40.77789306640625,1,1.25,6.5
5120,2,Friday,21,22,1,Friday,21,28,50,False,-73.90950012207031,40.77534484863281,-73.90807342529297,40.773399353027344,5,1.31,7.0
5121,2,Friday,21,22,38,Friday,21,24,48,False,-73.9913558959961,40.69651794433594,-73.99198150634766,40.69047164916992,1,0.43,3.5
5122,2,Friday,21,25,38,Friday,21,27,19,False,-73.84793090820312,40.83192443847656,-73.85111999511719,40.8309211730957,1,0.1,3.0
5123,2,Friday,21,26,40,Friday,21,31,17,False,-73.9872055053711,40.69259262084961,-73.98211669921875,40.69827651977539,1,0.65,5.0
5124,2,Friday,21,27,12,Friday,22,3,36,False,-73.93721008300781,40.81027221679688,-73.96952819824219,40.68955612182617,1,14.6,42.5
5125,2,Friday,21,27,58,Friday,21,36,15,False,-73.94986724853516,40.68046188354492,-73.97294616699219,40.67854309082031,1,1.63,8.0
5126,2,Friday,21,29,15,Friday,21,35,2,False,-73.94811248779297,40.78975677490234,-73.94215393066406,40.79496765136719,1,0.87,6.0
5127,1,Friday,21,29,36,Friday,21,48,59,False,-73.98668670654297,40.66086959838867,-74.00465393066406,40.74065017700195,2,6.3,21.5
5128,2,Friday,21,30,23,Friday,21,41,16,False,-73.99182891845703,40.68474960327149,-73.95294952392578,40.71836471557617,1,3.87,13.5
5129,2,Friday,21,32,51,Friday,21,39,55,False,-73.85967254638672,40.83338165283203,-73.84998321533203,40.83203887939453,1,0.55,6.0
5130,2,Friday,21,33,15,Friday,21,41,42,False,-73.9253158569336,40.76206970214844,-73.90510559082031,40.7735710144043,1,1.62,8.0
5131,2,Friday,21,34,9,Friday,22,1,35,False,-73.91101837158203,40.77594757080078,-74.02593231201172,40.62141799926758,5,16.96,46.0
5132,2,Friday,21,34,48,Friday,21,49,23,False,-73.84989929199219,40.84291076660156,-73.85263061523438,40.807716369628906,1,3.31,13.5
5133,2,Friday,21,38,0,Friday,21,50,49,False,-73.91484832763672,40.81109237670898,-73.94928741455078,40.793556213378906,1,2.75,11.5
5134,2,Friday,21,40,54,Friday,22,11,33,False,-73.84619140625,40.75463104248047,-73.95597839355469,40.78487014770508,1,12.86,37.5
5135,2,Friday,21,41,43,Friday,22,7,13,False,-73.84606170654297,40.75461196899414,-73.9848861694336,40.76064682006836,2,11.07,33.0
5136,2,Friday,21,42,56,Friday,21,58,36,False,-73.94923400878906,40.71410369873047,-73.98548126220703,40.73542785644531,5,3.76,14.5
5137,2,Friday,21,43,34,Friday,22,9,21,False,-73.84614562988281,40.754695892333984,-73.92030334472656,40.84690856933594,2,11.41,34.5
5138,2,Friday,21,45,32,Friday,21,48,39,False,-73.84423065185547,40.72132110595703,-73.85499572753906,40.71230697631836,1,1.08,5.0
5139,2,Friday,21,46,54,Friday,22,3,49,False,-73.94146728515625,40.83844757080078,-73.9864501953125,40.762840270996094,5,3.44,14.0
5140,2,Friday,21,47,30,Friday,22,12,23,False,-73.84624481201172,40.75470352172852,-73.99295806884766,40.68835830688477,1,12.77,37.5
5141,2,Friday,21,47,42,Friday,21,59,55,False,-73.94174194335938,40.79853820800781,-73.96768188476562,40.797794342041016,3,2.28,10.5
5142,2,Friday,21,48,20,Friday,22,2,3,False,-73.9634017944336,40.7103157043457,-74.0004653930664,40.728607177734375,6,2.63,12.0
5143,2,Friday,21,49,19,Friday,22,1,57,False,-73.96279907226562,40.71731185913086,-73.99737548828125,40.72150802612305,2,2.83,12.5
5144,2,Friday,21,50,20,Friday,21,51,28,False,-73.84622955322266,40.75460433959961,-73.84732055664062,40.75410461425781,1,0.07,3.0
5145,2,Friday,21,50,26,Friday,22,1,27,False,-73.8460922241211,40.75457763671875,-73.93452453613281,40.73640441894531,1,7.38,21.0
5146,2,Friday,21,50,38,Friday,21,59,22,False,-73.91885375976562,40.75882339477539,-73.91812133789062,40.74111557006836,1,1.56,7.5
5147,2,Friday,21,52,40,Friday,21,58,21,False,-73.84741973876953,40.75412368774414,-73.82933807373047,40.75965881347656,1,1.14,6.5
5148,2,Friday,21,53,0,Friday,22,0,0,False,-73.92951965332031,40.744224548339844,-73.9350814819336,40.755313873291016,1,1.41,7.0
5149,2,Friday,21,54,21,Friday,22,21,34,False,-73.84626770019531,40.75464630126953,-74.00048065185547,40.730281829833984,1,12.48,37.5
5150,2,Friday,21,56,48,Friday,22,8,36,False,-73.92937469482422,40.76245880126953,-73.97337341308594,40.7581787109375,2,3.35,12.5
5151,2,Friday,21,57,14,Friday,22,10,1,False,-73.99253845214844,40.70193862915039,-73.99495697021484,40.739967346191406,1,4.06,14.0
5152,2,Friday,21,57,51,Friday,22,32,10,False,-73.84402465820312,40.72079086303711,-73.93704986572266,40.74410629272461,1,9.85,34.0
5153,2,Friday,22,1,20,Friday,22,5,54,False,-73.925537109375,40.761863708496094,-73.9249267578125,40.773353576660156,1,1.08,5.5
5154,2,Friday,22,1,47,Friday,22,12,42,False,-73.84408569335938,40.72097396850586,-73.84965515136719,40.72268676757813,1,0.88,8.0
5155,2,Friday,22,3,12,Friday,22,9,5,False,-73.95899963378906,40.809425354003906,-73.96623992919922,40.79964065551758,1,1.16,6.5
5156,2,Friday,22,3,27,Friday,22,16,30,False,-73.84601593017578,40.75463485717773,-73.9488296508789,40.78504180908203,1,9.4,26.0
5157,2,Friday,22,8,34,Friday,22,15,34,False,-73.92654418945312,40.77157974243164,-73.92522430419922,40.75532150268555,1,1.59,7.5
5158,1,Friday,22,10,57,Friday,22,18,5,False,-73.98583984375,40.66963958740234,-73.97538757324219,40.6478157043457,3,2.2,9.0
5159,2,Friday,22,12,41,Friday,22,25,21,False,-73.9613265991211,40.80621719360352,-73.99566650390625,40.76447677612305,4,3.59,13.5
5160,2,Friday,22,13,30,Friday,22,20,13,False,-73.99066162109375,40.69406127929688,-73.9764404296875,40.68357849121094,1,1.25,7.0
5161,2,Friday,22,14,59,Friday,22,20,44,False,-73.95404815673828,40.78727340698242,-73.97236633300781,40.79084396362305,5,1.3,6.5
5162,2,Friday,22,15,44,Friday,22,19,1,False,-73.84417724609375,40.72121047973633,-73.83415222167969,40.71360778808594,1,0.81,5.0
5163,2,Friday,22,15,56,Friday,22,18,15,False,-73.86653137207031,40.87751388549805,-73.87310791015625,40.87707901000977,1,0.58,4.0
5164,2,Friday,22,17,17,Friday,22,22,35,False,-73.92572021484375,40.7547607421875,-73.91680145263672,40.76475524902344,1,0.96,5.5
5165,2,Friday,22,19,52,Friday,22,31,52,False,-73.94310760498047,40.79362869262695,-73.9354476928711,40.84577178955078,1,4.51,15.5
5166,2,Friday,22,20,1,Friday,22,26,52,False,-73.92179870605469,40.755516052246094,-73.91494750976562,40.743873596191406,5,1.37,7.0
5167,2,Friday,22,21,6,Friday,23,28,8,False,-73.84622192382812,40.75445175170898,-73.96027374267578,40.71746063232422,1,20.29,67.5
5168,2,Friday,22,21,42,Friday,22,26,48,False,-73.95785522460938,40.71775436401367,-73.95977783203125,40.73312377929688,6,1.13,6.0
5169,2,Friday,22,21,49,Friday,22,29,55,False,-73.82992553710938,40.71369934082031,-73.82048034667969,40.68925857543945,2,2.43,9.5
5170,2,Friday,22,23,53,Friday,22,33,9,False,-73.92073822021484,40.75671005249024,-73.9029541015625,40.7459602355957,1,1.59,8.5
5171,2,Friday,22,24,40,Friday,22,31,12,False,-73.88973999023438,40.747230529785156,-73.8792724609375,40.75626754760742,5,1.16,6.5
5172,2,Friday,22,25,16,Friday,22,39,31,False,-73.91510772705078,40.76377868652344,-73.92776489257812,40.7663688659668,1,1.21,10.0
5173,2,Friday,22,26,27,Friday,22,39,8,False,-73.92762756347656,40.75557327270508,-73.93910217285156,40.76292419433594,1,1.57,8.5
5174,2,Friday,22,26,45,Friday,22,41,6,False,-73.95857238769531,40.81037139892578,-74.00577545166016,40.750877380371094,5,6.17,20.0
5175,2,Friday,22,27,15,Friday,22,30,52,False,-73.98035430908203,40.67661666870117,-73.98375701904297,40.66784286499024,1,0.77,5.0
5176,2,Friday,22,28,38,Friday,22,53,3,False,-73.92366790771484,40.827293395996094,-73.96903991699219,40.75802230834961,2,7.55,24.5
5177,2,Friday,22,28,45,Friday,22,45,11,False,-73.95297241210938,40.78912353515625,-73.98380279541016,40.73798370361328,1,5.6,19.0
5178,2,Friday,22,28,58,Friday,22,55,2,False,-73.91697692871094,40.7431755065918,-74.00035858154297,40.72863388061523,5,6.38,24.5
5179,2,Friday,22,29,46,Friday,22,42,46,False,-73.9543228149414,40.73051834106445,-73.91675567626953,40.764347076416016,6,2.99,12.0
5180,2,Friday,22,31,3,Friday,23,5,53,False,-73.84418487548828,40.72137069702149,-73.9014663696289,40.874610900878906,1,16.62,47.0
5181,2,Friday,22,33,15,Friday,22,34,24,False,-73.8794937133789,40.75623321533203,-73.88396453857422,40.755767822265625,5,0.24,3.0
5182,2,Friday,22,36,24,Friday,22,50,0,False,-73.95381164550781,40.744041442871094,-73.9229965209961,40.76083755493164,5,2.54,11.5
5183,1,Friday,22,36,31,Friday,22,52,22,False,-73.99468231201172,40.68056106567383,-73.95803833007812,40.71391677856445,1,4.4,16.0
5184,2,Friday,22,39,53,Friday,22,58,55,False,-73.98291778564453,40.68982696533203,-73.95101928710938,40.67085266113281,1,2.69,14.5
5185,2,Friday,22,40,2,Friday,22,43,45,False,-73.90689849853516,40.7415771484375,-73.8833236694336,40.73772430419922,2,1.19,6.0
5186,2,Friday,22,41,34,Friday,22,58,9,False,-73.84622192382812,40.75461196899414,-73.87217712402344,40.73146057128906,1,7.17,21.5
5187,2,Friday,22,42,38,Friday,22,49,26,False,-73.83021545410156,40.713626861572266,-73.82780456542969,40.708045959472656,2,0.69,6.0
5188,2,Friday,22,45,22,Friday,23,5,59,False,-73.98934173583984,40.665443420410156,-74.031982421875,40.62133026123047,1,4.45,17.5
5189,2,Friday,22,46,27,Friday,23,9,19,False,-73.8792495727539,40.73694229125977,-73.9893798828125,40.7301025390625,2,8.31,26.5
5190,2,Friday,22,51,11,Friday,23,6,37,False,-73.92023468017578,40.7574462890625,-73.97403717041016,40.75400924682617,1,4.09,15.0
5191,2,Friday,22,53,55,Friday,22,54,6,False,-73.90829467773438,40.74856948852539,-73.90580749511719,40.74903869628906,1,1.33,7.5
5192,2,Friday,22,56,17,Friday,23,4,21,False,-73.8922119140625,40.74711608886719,-73.91720581054688,40.77095413208008,1,2.65,9.5
5193,2,Friday,22,57,40,Friday,23,7,31,False,-73.88372802734375,40.74755859375,-73.8833236694336,40.7652702331543,5,1.37,8.5
5194,2,Friday,22,59,50,Friday,23,4,43,False,-73.92618560791016,40.81837844848633,-73.94044494628906,40.81994247436523,5,0.53,5.0
5195,2,Friday,23,3,11,Friday,23,16,19,False,-73.95271301269531,40.81072616577149,-73.93501281738281,40.81116104125977,5,1.64,10.0
5196,2,Friday,23,4,0,Friday,23,18,0,False,-73.84629821777344,40.75460815429688,-73.76498413085938,40.71672058105469,1,8.01,23.0
5197,2,Friday,23,4,51,Friday,23,14,46,False,-73.90607452392578,40.8506965637207,-73.882080078125,40.85686111450195,2,1.91,9.5
5198,2,Friday,23,5,27,Friday,23,27,0,False,-73.81945037841797,40.707496643066406,-73.96096801757812,40.59653091430664,2,15.35,41.0
5199,2,Friday,23,5,59,Friday,23,17,17,False,-73.91758728027344,40.77067184448242,-73.88796997070312,40.73900604248047,1,3.89,14.0
