5400,2,Saturday,5,23,5,Saturday,5,52,23,False,-73.8904800415039,40.74704360961914,-73.9468994140625,40.81605911254883,3,12.21,37.0
5401,2,Saturday,5,26,28,Saturday,5,34,27,False,-73.84454345703125,40.721981048583984,-73.8106689453125,40.73035049438477,2,2.77,10.0
5402,2,Saturday,5,37,29,Saturday,6,0,1,False,-73.8822021484375,40.75598526000977,-73.91227722167969,40.87607192993164,5,11.57,34.0
5403,2,Saturday,5,44,53,Saturday,5,57,7,False,-73.9197998046875,40.76615905761719,-73.9735336303711,40.75437927246094,1,4.12,14.5
5404,2,Saturday,5,45,52,Saturday,5,48,29,False,-73.84429168701172,40.7213020324707,-73.85504150390625,40.7092170715332,2,1.18,5.5
5405,2,Saturday,5,53,19,Saturday,6,21,24,False,-73.87940979003906,40.748268127441406,-73.99153900146484,40.74944305419922,1,7.5,26.0
5406,2,Saturday,5,58,32,Saturday,6,7,15,False,-73.93859100341797,40.80480575561523,-73.87226867675781,40.77448654174805,2,6.12,18.0
5407,2,Saturday,6,6,17,Saturday,6,23,39,False,-73.9271240234375,40.86566162109375,-74.00627899169922,40.74615859985352,5,10.08,29.0
5408,2,Saturday,6,17,53,Saturday,6,27,36,False,-73.91218566894531,40.7749137878418,-73.95433044433594,40.77423477172852,2,5.84,17.5
5409,2,Saturday,6,35,17,Saturday,6,43,30,False,-73.92992401123047,40.75637817382813,-73.87286376953125,40.7744140625,2,3.91,13.0
5410,2,Saturday,6,41,51,Saturday,6,45,25,False,-73.87930297851562,40.87361145019531,-73.8857192993164,40.87834930419922,1,0.81,5.0
5411,2,Saturday,6,48,20,Saturday,7,2,18,False,-73.8851547241211,40.87929916381836,-73.9244384765625,40.82347869873047,1,4.59,16.0
5412,2,Saturday,6,50,56,Saturday,6,59,39,False,-73.96138000488281,40.8061408996582,-73.94136810302734,40.82443618774414,5,1.97,9.5
5413,2,Saturday,7,1,19,Saturday,7,9,18,False,-73.9430160522461,40.83644104003906,-73.91942596435547,40.8076171875,5,3.0,10.5
5414,2,Saturday,7,3,36,Saturday,7,38,31,False,-73.91191864013672,40.77531814575195,-73.99018096923828,40.75674057006836,2,8.27,30.5
5415,2,Saturday,7,9,10,Saturday,7,18,50,False,-73.84427642822266,40.721351623535156,-73.84452819824219,40.75489044189453,5,3.54,12.0
5416,2,Saturday,7,27,17,Saturday,7,44,56,False,-73.94115447998047,40.83905029296875,-73.82431030273438,40.82501602172852,5,7.59,24.0
5417,2,Saturday,7,30,23,Saturday,7,44,19,False,-73.92645263671875,40.84552383422852,-73.97900390625,40.777191162109375,6,3.52,13.0
5418,2,Saturday,7,34,16,Saturday,7,48,27,False,-73.94861602783203,40.79781723022461,-73.99051666259766,40.75590896606445,5,4.47,15.0
5419,2,Saturday,7,45,50,Saturday,7,55,7,False,-73.94363403320312,40.83556365966797,-73.9048843383789,40.8787727355957,5,4.78,15.0
5420,2,Saturday,7,49,25,Saturday,8,1,0,False,-73.84427642822266,40.7213249206543,-73.83516693115234,40.7612419128418,5,3.71,13.5
5421,2,Saturday,7,57,47,Saturday,8,7,27,False,-73.92961120605469,40.83266067504883,-73.91853332519531,40.80719757080078,1,2.48,10.5
5422,2,Saturday,7,57,56,Saturday,8,3,55,False,-73.95909881591797,40.814395904541016,-73.9455337524414,40.81259536743164,5,0.55,5.5
5423,2,Saturday,8,1,45,Saturday,8,8,58,False,-73.91192626953125,40.77537155151367,-73.9002456665039,40.75384140014648,2,2.77,10.5
5424,2,Saturday,8,3,51,Saturday,8,4,43,False,-73.96359252929688,40.803306579589844,-73.96214294433594,40.80534362792969,5,0.17,3.0
5425,2,Saturday,8,12,20,Saturday,8,16,47,False,-73.90404510498047,40.75354766845703,-73.88406372070312,40.75783920288086,2,1.19,6.0
5426,1,Saturday,8,14,42,Saturday,8,48,2,False,-73.85273742675781,40.75255966186523,-73.97383117675781,40.7636833190918,1,7.3,27.0
5427,2,Saturday,8,15,59,Saturday,8,24,13,False,-73.945556640625,40.83333969116211,-73.96290588378906,40.804237365722656,1,2.7,12.0
5428,2,Saturday,8,16,22,Saturday,8,26,47,False,-73.96141052246094,40.80649948120117,-73.99331665039062,40.75783157348633,5,3.92,12.5
5429,2,Saturday,8,16,53,Saturday,8,33,33,False,-73.92117309570312,40.76720809936523,-73.98391723632812,40.7337646484375,1,5.2,17.0
5430,2,Saturday,8,24,40,Saturday,8,35,45,False,-73.94134521484375,40.8132438659668,-73.91255187988281,40.83419036865234,1,2.55,11.0
5431,2,Saturday,8,26,37,Saturday,8,33,59,False,-73.95902252197266,40.80967712402344,-73.94145202636719,40.83851623535156,1,1.92,10.0
5432,2,Saturday,8,33,20,Saturday,8,35,37,False,-73.91838836669922,40.75969696044922,-73.91175079345703,40.76785278320313,2,0.57,4.0
5433,2,Saturday,8,36,28,Saturday,8,50,37,False,-73.9534912109375,40.82205200195313,-73.90986633300781,40.8571662902832,5,2.29,10.5
5434,2,Saturday,8,37,6,Saturday,8,43,35,False,-73.91155242919922,40.76803588867188,-73.924072265625,40.7746696472168,2,1.57,7.0
5435,2,Saturday,8,38,15,Saturday,8,57,50,False,-73.9310073852539,40.86027145385742,-74.00279998779297,40.73981857299805,1,10.94,32.5
5436,2,Saturday,8,43,56,Saturday,8,54,11,False,-73.87315368652344,40.84050369262695,-73.90839385986328,40.830078125,1,2.86,10.0
5437,2,Saturday,8,50,58,Saturday,8,59,30,False,-73.9546127319336,40.81165313720703,-73.93083953857422,40.85211181640625,5,3.75,12.5
5438,2,Saturday,8,58,25,Saturday,9,2,14,False,-73.95756530761719,40.80133819580078,-73.96644592285156,40.80409622192383,5,0.55,4.5
5439,2,Saturday,8,59,42,Saturday,9,1,14,False,-73.89564514160156,40.83381652832031,-73.88568115234375,40.83663177490234,1,0.55,3.5
5440,2,Saturday,9,2,41,Saturday,9,11,12,False,-73.91189575195312,40.77522659301758,-73.92057800292969,40.75697326660156,1,1.75,8.5
5441,2,Saturday,9,11,26,Saturday,9,27,58,False,-73.84321594238281,40.72090148925781,-73.86165618896484,40.73515319824219,5,2.66,13.0
5442,1,Saturday,9,15,19,Saturday,9,43,44,False,-73.9183120727539,40.77009582519531,-73.98918914794922,40.74802017211914,1,9.0,30.5
5443,2,Saturday,9,19,9,Saturday,9,29,57,False,-73.93797302246094,40.8182487487793,-73.95440673828125,40.80239486694336,1,1.77,9.5
5444,2,Saturday,9,24,49,Saturday,9,39,13,False,-73.85346984863281,40.72664260864258,-73.80220031738281,40.70657730102539,5,3.43,13.5
5445,2,Saturday,9,28,58,Saturday,9,31,45,False,-73.95618438720703,40.81316375732422,-73.94620513916016,40.80803298950195,5,0.64,4.5
5446,2,Saturday,9,32,52,Saturday,9,41,1,False,-73.94656372070312,40.806488037109375,-73.96592712402344,40.773902893066406,5,2.62,9.5
5447,2,Saturday,9,34,21,Saturday,9,48,24,False,-73.86473846435547,40.73123550415039,-73.97510528564453,40.741477966308594,5,7.34,22.0
5448,2,Saturday,9,43,0,Saturday,10,9,48,False,-73.9352035522461,40.849998474121094,-73.994873046875,40.75015258789063,1,7.53,31.0
5449,2,Saturday,9,50,24,Saturday,9,53,6,False,-73.94049072265625,40.80894088745117,-73.93780517578125,40.80388259887695,1,0.47,4.0
5450,2,Saturday,9,52,31,Saturday,10,2,50,False,-73.91197967529297,40.77519226074219,-73.91259765625,40.75305557250977,2,2.11,9.5
5451,2,Saturday,9,54,0,Saturday,9,57,27,False,-73.8298568725586,40.713661193847656,-73.84191131591797,40.7207260131836,5,0.93,5.0
5452,2,Saturday,9,58,9,Saturday,10,5,58,False,-73.94910430908203,40.828468322753906,-73.94319152832031,40.81109237670898,5,1.67,8.0
5453,2,Saturday,10,2,0,Saturday,10,14,55,False,-73.95349884033203,40.822509765625,-73.94143676757812,40.79889678955078,5,1.09,9.0
5454,2,Saturday,10,8,27,Saturday,10,14,35,False,-73.92674255371094,40.864601135253906,-73.9362564086914,40.84600830078125,1,1.48,7.0
5455,2,Saturday,10,10,16,Saturday,10,31,23,False,-73.91714477539062,40.76119613647461,-73.96935272216797,40.68536758422852,2,8.42,26.5
5456,2,Saturday,10,14,26,Saturday,10,29,53,False,-73.92241668701172,40.76058197021485,-73.89421844482422,40.76852035522461,1,3.33,13.5
5457,1,Saturday,10,25,2,Saturday,10,44,56,False,-73.84587860107422,40.75461196899414,-73.97248077392578,40.75556564331055,1,12.1,33.5
5458,2,Saturday,10,30,42,Saturday,10,57,6,False,-73.95368194580078,40.82183837890625,-73.99447631835938,40.70014190673828,1,9.11,34.5
5459,2,Saturday,10,30,52,Saturday,10,42,22,False,-73.94239044189453,40.79083633422852,-73.95735168457031,40.81283950805664,2,2.36,10.0
5460,2,Saturday,10,32,43,Saturday,10,38,53,False,-73.85631561279297,40.82826614379883,-73.86555480957031,40.84526062011719,1,1.52,7.5
5461,2,Saturday,10,33,12,Saturday,10,43,56,False,-73.96632385253906,40.80457305908203,-73.9378433227539,40.80383682250977,5,1.14,7.5
5462,2,Saturday,10,44,4,Saturday,10,47,23,False,-73.86541748046875,40.843788146972656,-73.86702728271484,40.83178329467773,1,1.01,5.0
5463,2,Saturday,10,45,59,Saturday,10,54,1,False,-73.95809173583984,40.81570053100586,-73.9400863647461,40.836021423339844,1,1.63,8.0
5464,1,Saturday,10,52,5,Saturday,11,7,38,False,-73.85064697265625,40.8296127319336,-73.87980651855469,40.87973403930664,1,5.0,18.0
5465,2,Saturday,10,59,10,Saturday,11,10,9,False,-73.99344635009766,40.69977569580078,-74.00950622558594,40.71413803100586,1,2.23,12.5
5466,2,Saturday,11,6,6,Saturday,11,14,13,False,-73.86756896972656,40.856346130371094,-73.89845275878906,40.85916519165039,1,2.02,9.0
5467,2,Saturday,11,6,41,Saturday,11,49,38,False,-73.91179656982422,40.77537155151367,-73.99154663085938,40.74976348876953,1,6.17,31.0
5468,2,Saturday,11,8,6,Saturday,11,37,1,False,-73.84430694580078,40.72138977050781,-73.99866485595703,40.68573760986328,1,12.4,37.5
5469,1,Saturday,11,15,59,Saturday,11,43,44,False,-73.84612274169922,40.75472640991211,-73.98033905029297,40.76515197753906,1,10.8,33.5
5470,2,Saturday,11,20,53,Saturday,11,26,51,False,-73.94566345214844,40.807701110839844,-73.95720672607422,40.7859001159668,1,1.8,7.5
5471,2,Saturday,11,24,36,Saturday,11,54,32,False,-73.83163452148438,40.71495819091797,-73.98064422607422,40.75593948364258,5,10.24,33.5
5472,2,Saturday,11,26,42,Saturday,11,31,52,False,-73.93342590332031,40.855281829833984,-73.92266082763672,40.84428787231445,1,1.31,6.5
5473,2,Saturday,11,28,27,Saturday,11,50,41,False,-73.87036895751953,40.749122619628906,-73.81663513183594,40.75502395629883,1,4.24,18.0
5474,2,Saturday,11,35,49,Saturday,11,41,28,False,-73.95135498046875,40.80440521240234,-73.94929504394531,40.801918029785156,1,0.46,5.0
5475,2,Saturday,11,38,40,Saturday,11,56,13,False,-73.95777893066406,40.80131149291992,-73.92826080322266,40.82947158813477,1,2.91,14.0
5476,2,Saturday,11,39,35,Saturday,11,50,24,False,-74.00086212158203,40.68457794189453,-73.97296905517578,40.67773818969727,1,2.1,10.0
5477,2,Saturday,11,40,33,Saturday,11,46,45,False,-73.9581298828125,40.82047653198242,-73.95887756347656,40.80677795410156,1,1.43,8.5
5478,1,Saturday,11,41,4,Saturday,11,53,15,False,-73.85359191894531,40.85305786132813,-73.9052963256836,40.86252212524414,1,3.1,12.5
5479,2,Saturday,11,51,17,Saturday,11,57,10,False,-73.91748046875,40.84526443481445,-73.93817138671875,40.84916687011719,1,1.26,25.0
5480,2,Saturday,11,53,47,Saturday,12,19,7,False,-73.84368896484375,40.721038818359375,-74.00048065185547,40.69206237792969,5,11.64,35.0
5481,2,Saturday,11,54,58,Saturday,11,58,59,False,-73.94461822509766,40.813175201416016,-73.93626403808594,40.8096809387207,1,0.45,4.5
5482,1,Saturday,11,59,2,Saturday,12,5,10,False,-73.89620208740234,40.86236953735352,-73.87237548828125,40.85395812988281,2,1.8,8.0
5483,2,Saturday,12,2,51,Saturday,12,9,10,False,-73.88542175292969,40.870033264160156,-73.865966796875,40.8447265625,1,2.96,10.0
5484,2,Saturday,12,4,41,Saturday,12,18,54,False,-73.94432830810547,40.83456802368164,-73.96627807617188,40.80820083618164,1,2.71,12.5
5485,1,Saturday,12,13,52,Saturday,12,20,17,False,-73.86300659179688,40.83452224731445,-73.83934020996094,40.82636642456055,2,1.9,8.0
5486,2,Saturday,12,15,27,Saturday,12,41,47,False,-73.8675537109375,40.8565559387207,-74.00484466552734,40.75720977783203,1,13.17,37.0
5487,1,Saturday,12,20,45,Saturday,12,53,50,False,-73.84622192382812,40.75448226928711,-74.00735473632812,40.7329330444336,1,15.3,44.0
5488,2,Saturday,12,23,30,Saturday,12,28,59,False,-73.94303894042969,40.83677291870117,-73.95480346679688,40.82075119018555,5,0.64,5.0
5489,2,Saturday,12,25,22,Saturday,12,46,19,False,-73.93927764892578,40.80532836914063,-73.97948455810547,40.74636840820313,1,5.83,21.5
5490,2,Saturday,12,28,52,Saturday,12,34,56,False,-73.84649658203125,40.754486083984375,-73.86254119873047,40.76408386230469,1,2.71,9.5
5491,2,Saturday,12,30,35,Saturday,12,34,38,False,-73.8442153930664,40.72117614746094,-73.83821105957031,40.71912384033203,1,0.81,5.0
5492,2,Saturday,12,30,39,Saturday,12,40,51,False,-73.98133850097656,40.68902587890625,-73.95222473144531,40.68973159790039,1,1.64,9.0
5493,2,Saturday,12,35,29,Saturday,12,55,54,False,-73.86143493652344,40.830562591552734,-73.93403625488281,40.84372329711914,1,4.84,3.0
5494,2,Saturday,12,37,2,Saturday,12,49,28,False,-73.95138549804688,40.82497024536133,-73.92821502685547,40.82427597045898,1,1.64,10.0
5495,2,Saturday,12,56,10,Saturday,13,11,34,False,-73.93899536132812,40.81683349609375,-73.97615051269531,40.786048889160156,1,3.52,14.0
5496,2,Saturday,13,1,49,Saturday,13,14,58,False,-73.94153594970703,40.78747177124024,-73.95037841796875,40.80989837646485,1,2.17,11.0
5497,2,Saturday,13,2,29,Saturday,13,7,40,False,-73.89961242675781,40.85838317871094,-73.90645599365234,40.84921646118164,1,0.61,6.0
5498,2,Saturday,13,2,31,Saturday,13,10,50,False,-73.876220703125,40.73550796508789,-73.84708404541016,40.74538803100586,5,2.94,10.5
5499,2,Saturday,13,17,44,Saturday,13,40,13,False,-73.96340942382812,40.80374145507813,-73.99064636230469,40.74493789672852,1,6.07,22.5
